
134
21
71
46
203
2
72
235
16
131
167
150
175
55
84
11
22
102
87
193
174
247
221
225
95
61
189
249
134
157
73
113
87
12
210
132
42
91
207
110
22
121
63
115
134
131
40
48
187
189
164
208
178
24
66
255
181
56
33
15
66
47
159
163
186
227
139
129
125
242
89
210
207
178
2
122
207
109
141
90
25
179
225
56
228
165
195
43
241
108
179
228
203
133
186
35
41
113
185
104
161
179
34
41
68
134
128
192
140
103
45
218
3
142
135
35
185
24
250
192
155
210
89
21
84
81
83
92
4
40
86
94
210
103
54
216
31
26
2
57
129
238
133
247
20
128
25
171
197
183
